augustus	julia_the_elder
julia_the_elder	agrippina_the_elder
julia_the_elder	gaius_caesar
julia_the_elder	lucius_caesar
julia_the_elder	julia_the_younger
julia_the_elder	drusus_julius_caesar
alexander_iii_of_russia	nicholas_ii_of_russia
alexander_iii_of_russia	grand_duke_michael_alexandrovich_of_russia
alexander_iii_of_russia	grand_duchess_olga_alexandrovna_of_russia
alexander_iii_of_russia	grand_duke_alexander_alexandrovich_of_russia
alexander_iii_of_russia	grand_duke_george_alexandrovich_of_russia
alexander_iii_of_russia	grand_duchess_xenia_alexandrovna_of_russia
grand_duke_michael_alexandrovich_of_russia	george_mikhailovich_count_brasov
grand_duchess_xenia_alexandrovna_of_russia	prince_feodor_alexandrovich_of_russia
grand_duchess_xenia_alexandrovna_of_russia	princess_irina_alexandrovna_of_russia
grand_duchess_xenia_alexandrovna_of_russia	prince_nikita_alexandrovich_of_russia
grand_duchess_xenia_alexandrovna_of_russia	prince_rostislav_alexandrovich_of_russia
grand_duchess_xenia_alexandrovna_of_russia	prince_andrei_alexandrovich_of_russia
grand_duchess_xenia_alexandrovna_of_russia	prince_vasili_alexandrovich_of_russia
grand_duchess_xenia_alexandrovna_of_russia	prince_dmitri_alexandrovich_of_russia
afonso_i_of_portugal	sancho_i_of_portugal
afonso_i_of_portugal	mafalda_of_portugal_11491160
sancho_i_of_portugal	afonso_ii_of_portugal
sancho_i_of_portugal	berengaria_of_portugal
stephen_of_england	eustace_iv_count_of_boulogne
stephen_of_england	william_i_count_of_boulogne
stephen_of_england	marie_i_countess_of_boulogne
catherine_de_medici	claude_of_valois
catherine_de_medici	francis_ii_of_france
catherine_de_medici	charles_ix_of_france
catherine_de_medici	henry_iii_of_france
catherine_de_medici	francis_duke_of_anjou
catherine_de_medici	elisabeth_of_valois
catherine_de_medici	joan_of_valois_1556
catherine_de_medici	margaret_of_valois
rudolph_i_of_germany	matilda_of_habsburg
rudolph_i_of_germany	albert_i_of_germany
rudolph_i_of_germany	judith_of_habsburg
rudolph_i_of_germany	clementia_of_habsburg
princess_beatrice_of_the_united_kingdom	victoria_eugenie_of_battenberg
princess_beatrice_of_the_united_kingdom	alexander_mountbatten_1st_marquess_of_carisbrooke
princess_beatrice_of_the_united_kingdom	lord_leopold_mountbatten
princess_beatrice_of_the_united_kingdom	prince_maurice_of_battenberg
farouk_of_egypt	fuad_ii_of_egypt
farouk_of_egypt	princess_farial_of_egypt
farouk_of_egypt	princess_fadia_of_egypt
farouk_of_egypt	princess_fawzia_farouk_of_egypt
leopold_ii_of_belgium	princess_stéphanie_of_belgium
leopold_ii_of_belgium	princess_clémentine_of_belgium
margaret_i_of_denmark	olav_iv_of_norway
louis_bonaparte	napoleon_louis_bonaparte
louis_bonaparte	napoleon_charles_bonaparte
louis_bonaparte	napoleon_iii
bolesław_iii_wrymouth	casimir_ii_the_just
bolesław_iii_wrymouth	władysław_ii_the_exile
bolesław_iii_wrymouth	bolesław_iv_the_curly
bolesław_iii_wrymouth	mieszko_iii_the_old
casimir_ii_the_just	konrad_i_of_masovia
georg_ludwig_von_trapp	eleonore_von_trapp
georg_ludwig_von_trapp	rosemarie_von_trapp
hortense_de_beauharnais	napoleon_louis_bonaparte
hortense_de_beauharnais	napoleon_charles_bonaparte
haakon_vii_of_norway	olav_v_of_norway
olav_v_of_norway	harald_v_of_norway
olav_v_of_norway	princess_astrid_of_norway
olav_v_of_norway	princess_ragnhild_of_norway
victor_emmanuel_iii_of_italy	princess_mafalda_of_savoy
victor_emmanuel_iii_of_italy	giovanna_of_italy
victor_emmanuel_iii_of_italy	princess_yolanda_of_savoy
victor_emmanuel_iii_of_italy	princess_maria_francesca_of_savoy
henry_ii_of_france	claude_of_valois
henry_ii_of_france	francis_ii_of_france
henry_ii_of_france	charles_ix_of_france
henry_ii_of_france	henry_iii_of_france
henry_ii_of_france	francis_duke_of_anjou
henry_ii_of_france	elisabeth_of_valois
henry_ii_of_france	joan_of_valois_1556
henry_ii_of_france	margaret_of_valois
philip_i_of_france	constance_of_france_princess_of_antioch
philip_i_of_france	louis_vi_of_france
philip_i_of_france	fulk_of_jerusalem
ahmose_i	ahmosemeritamun
ahmose_i	amenhotep_i
ahmose_i	ahmosesitamun
ahmose_i	mutnofret
jane_birkin	charlotte_gainsbourg
akhenaten	tutankhamun
akhenaten	meritaten
gustav_iv_adolf_of_sweden	gustavus_crown_prince_of_sweden
gustav_iv_adolf_of_sweden	princess_cecilia_of_sweden_18071844
gustav_iv_adolf_of_sweden	princess_sophie_of_sweden
princess_margaret_of_connaught	ingrid_of_sweden
princess_margaret_of_connaught	prince_bertil_duke_of_halland
princess_margaret_of_connaught	sigvard_bernadotte
princess_margaret_of_connaught	carl_johan_bernadotte
princess_margaret_of_connaught	prince_gustaf_adolf_duke_of_västerbotten
ingrid_of_sweden	margrethe_ii_of_denmark
ingrid_of_sweden	queen_annemarie_of_greece
nancy_pelosi	paul_pelosi_jr
christian_iv_of_denmark	frederick_iii_of_denmark
christian_iv_of_denmark	christian_prince_elect_of_denmark
christian_iv_of_denmark	ulrik_of_denmark_16111633
frederick_iii_of_denmark	christian_v_of_denmark
frederick_iii_of_denmark	ulrika_eleonora_of_denmark
frederick_iii_of_denmark	prince_george_of_denmark
frederick_iii_of_denmark	princess_frederica_amalia_of_denmark
frederick_iii_of_denmark	princess_anna_sophie_of_denmark
ulrika_eleonora_of_denmark	ulrika_eleonora_of_sweden
ulrika_eleonora_of_denmark	charles_xii_of_sweden
prince_george_of_denmark	prince_william_duke_of_gloucester
frederick_viii_of_denmark	haakon_vii_of_norway
frederick_viii_of_denmark	princess_ingeborg_of_denmark
frederick_viii_of_denmark	prince_harald_of_denmark
frederick_viii_of_denmark	princess_thyra_of_denmark_18801945
john_i_of_aragon	joanna_of_aragon_countess_of_foix
queen_annemarie_of_greece	pavlos_crown_prince_of_greece
ferdinand_i_of_portugal	beatrice_of_portugal
beatrice_of_portugal	ferdinand_i_of_aragon
prunella_scales	samuel_west
stephen_v_of_hungary	ladislaus_iv_of_hungary
stephen_v_of_hungary	mary_of_hungary_queen_of_naples
stephen_v_of_hungary	catherine_of_hungary_queen_of_serbia
stephen_v_of_hungary	elizabeth_of_hungary_queen_of_serbia
chulalongkorn	vajiravudh
chulalongkorn	prajadhipok
chulalongkorn	vajirunhis
chulalongkorn	valaya_alongkorn
chulalongkorn	chudadhuj_dharadilok
chulalongkorn	bahurada_manimaya
chulalongkorn	tribejrutama_dhamrong
chulalongkorn	kannabhorn_bejaratana
chulalongkorn	sirabhorn_sobhon
chulalongkorn	vichitra_chiraprabha
chulalongkorn	mahidol_adulyadej
vajiravudh	bejaratana_rajasuda
kamal_haasan	shruti_haasan
fuad_i_of_egypt	farouk_of_egypt
mongkut	chulalongkorn
mongkut	bhanurangsi_savangwongse
mongkut	narisara_nuvadtivongs
augustus_ii_the_strong	augustus_iii_of_poland
augustus_iii_of_poland	frederick_christian_elector_of_saxony
augustus_iii_of_poland	princess_maria_josepha_of_saxony_17311767
augustus_iii_of_poland	prince_albert_of_saxony_duke_of_teschen
augustus_iii_of_poland	maria_amalia_of_saxony
augustus_iii_of_poland	prince_clemens_wenceslaus_of_saxony
augustus_iii_of_poland	maria_anna_sophia_of_saxony
augustus_iii_of_poland	prince_francis_xavier_of_saxony
augustus_iii_of_poland	charles_of_saxony_duke_of_courland
augustus_iii_of_poland	princess_maria_christina_of_saxony_17351782
berengaria_of_portugal	abel_of_denmark
berengaria_of_portugal	christopher_i_of_denmark
amenhotep_iii	akhenaten
amenhotep_iii	sitamun
amenhotep_iii	crown_prince_thutmose
amenhotep_iii	nebetah
amenhotep_iii	beketaten
amenhotep_iii	henuttaneb
amenhotep_iii	iset_daughter_of_amenhotep_iii
mike_huckabee	david_huckabee
joachim_murat	prince_achille_murat
joachim_murat	prince_napoleon_lucien_charles_murat
blanche_i_of_navarre	charles_prince_of_viana
blanche_i_of_navarre	eleanor_of_navarre
blanche_i_of_navarre	ferdinand_ii_of_aragon
herod_the_great	herod_antipas
frederica_of_baden	gustavus_crown_prince_of_sweden
frederica_of_baden	princess_cecilia_of_sweden_18071844
frederica_of_baden	princess_sophie_of_sweden
norodom_sihanouk	norodom_sihamoni
norodom_sihanouk	norodom_narindrapong
haile_selassie_i	amha_selassie_of_ethiopia
haile_selassie_i	princess_tenagnework
haile_selassie_i	princess_zenebework
haile_selassie_i	prince_sahle_selassie
nargis	sanjay_dutt
ken_olin	roxy_olin
maria_von_trapp	eleonore_von_trapp
maria_von_trapp	agathe_von_trapp
maria_von_trapp	maria_franziska_von_trapp
maria_von_trapp	werner_von_trapp
maria_von_trapp	rupert_von_trapp
maria_von_trapp	hedwig_von_trapp
maria_von_trapp	johanna_von_trapp
maria_von_trapp	martina_von_trapp
maria_von_trapp	johannes_von_trapp
maria_von_trapp	rosemarie_von_trapp
béla_iv_of_hungary	stephen_v_of_hungary
béla_iv_of_hungary	anna_of_hungary_b1226
bianca_maria_visconti	ludovico_sforza
bianca_maria_visconti	ippolita_maria_sforza
patricia_wettig	roxy_olin
cassandra_harris	chris_brosnan
atia_balba_caesonia	augustus
atia_balba_caesonia	octavia_the_younger
atia_balba_caesonia	early_life_of_augustus
octavia_the_younger	antonia_minor
marie_of_anjou	louis_xi_of_france
marie_of_anjou	magdalena_of_valois
louise_of_sweden	haakon_vii_of_norway
louise_of_sweden	christian_x_of_denmark
louise_of_sweden	princess_ingeborg_of_denmark
louise_of_sweden	princess_louise_of_denmark
louise_of_sweden	prince_harald_of_denmark
louise_of_sweden	princess_thyra_of_denmark_18801945
louise_of_sweden	prince_gustav_of_denmark
louise_of_sweden	princess_dagmar_of_denmark
empress_wei_zifu	liu_ju
empress_wei_zifu	emperor_zhao_of_han
archduchess_elisabeth_franziska_of_austria	maria_theresa_of_austriaeste_18491919
maria_theresa_of_austriaeste_18491919	prince_franz_of_bavaria
maria_theresa_of_austriaeste_18491919	rupprecht_crown_prince_of_bavaria
maria_theresa_of_austriaeste_18491919	prince_karl_of_bavaria_18741927
maria_theresa_of_austriaeste_18491919	princess_maria_ludwiga_theresia_of_bavaria
maria_theresa_of_austriaeste_18491919	princess_adelgunde_of_bavaria_18701958
agrippina_the_elder	agrippina_the_younger
agrippina_the_elder	caligula
princess_tomohito_of_mikasa	princess_akiko_of_mikasa
princess_tomohito_of_mikasa	princess_yōko_of_mikasa
henry_washington_younger	john_younger
henry_washington_younger	cole_younger
henry_washington_younger	bob_younger
henry_washington_younger	jim_younger
bersheba_leighton_fristoe	john_younger
bersheba_leighton_fristoe	cole_younger
bersheba_leighton_fristoe	bob_younger
bersheba_leighton_fristoe	jim_younger
kathryn_crosby	harry_crosby_actor
kathryn_crosby	gary_crosby_actor
kathryn_crosby	lindsay_crosby
maud_of_savoy	sancho_i_of_portugal
maud_of_savoy	mafalda_of_portugal_11491160
bertha_of_holland	constance_of_france_princess_of_antioch
bertha_of_holland	louis_vi_of_france
bertha_of_holland	cecile_of_france
constance_of_austria	john_ii_casimir_vasa
constance_of_austria	władysław_iv_vasa
grace_bennett	noah_bennett
grace_bennett	jessica_bennett
grace_bennett	ethan_winthrop
grace_bennett	kay_bennett
mary_lee_woods	tim_bernerslee
prince_axel_of_denmark	prince_george_valdemar_of_denmark
prince_axel_of_denmark	count_flemming_valdemar_of_rosenborg
naamah_genesis	shem
nazli_sabri	farouk_of_egypt
dorian_lord	jessica_buchanan
marcus_aurelius	commodus
julia_caesaris_sister_of_julius_caesar	atia_balba_caesonia
grand_duke_alexander_mikhailovich_of_russia	prince_feodor_alexandrovich_of_russia
grand_duke_alexander_mikhailovich_of_russia	princess_irina_alexandrovna_of_russia
grand_duke_alexander_mikhailovich_of_russia	prince_nikita_alexandrovich_of_russia
grand_duke_alexander_mikhailovich_of_russia	prince_rostislav_alexandrovich_of_russia
grand_duke_alexander_mikhailovich_of_russia	prince_andrei_alexandrovich_of_russia
grand_duke_alexander_mikhailovich_of_russia	prince_vasili_alexandrovich_of_russia
grand_duke_alexander_mikhailovich_of_russia	prince_dmitri_alexandrovich_of_russia
prince_feodor_alexandrovich_of_russia	prince_michael_feodorovich_of_russia
amarindra	buddha_loetla_nabhalai
amarindra	maha_senanurak
amarindra	maha_sakdi_polsep
prince_eduard_of_saxealtenburg	princess_antoinette_of_saxealtenburg
prince_eduard_of_saxealtenburg	princess_therese_of_saxealtenburg
sirikit	ubolratana_rajakanya
sirikit	vajiralongkorn
sirikit	sirindhorn
sirikit	chulabhorn_walailak
debsirindra	chulalongkorn
debsirindra	damrong_rajanubhab
debsirindra	savang_vadhana
debsirindra	saovabha_bongsri
debsirindra	bhanurangsi_savangwongse
debsirindra	devavongse
debsirindra	sunandha_kumariratana
debsirindra	sukhumala_marasri
debsirindra	narisara_nuvadtivongs
debsirindra	jayanta_mongkol
allan_steiger	dylan_timmins
allan_steiger	bree_timmins
allan_steiger	pepper_steiger
allan_steiger	janae_timmins
allan_steiger	stingray_timmins
allan_steiger	anne_baxter_neighbours
nora_hanen	rachel_gannon
nora_hanen	david_vickers
nora_hanen	natalie_buchanan
nora_hanen	jessica_buchanan
nora_hanen	kevin_buchanan
nora_hanen	joey_buchanan
nora_hanen	cord_roberts
zein_alsharaf_talal	princess_basma_bint_talal
zein_alsharaf_talal	hussein_of_jordan
zein_alsharaf_talal	prince_hassan_bin_talal
zein_alsharaf_talal	prince_muhammad_bin_talal
leonor_telles_de_menezes	beatrice_of_portugal
khamoun_i	savang_vatthana
judith_of_bohemia	bolesław_iii_wrymouth
judith_of_bohemia	zbigniew_of_poland
dixie_cooney_martin	jr_chandler
dixie_cooney_martin	skye_chandler
dixie_cooney_martin	colby_chandler_all_my_children
dixie_cooney_martin	hayley_vaughan
dixie_cooney_martin	gloria_marsh
tad_martin	tad_martin
adam_chandler	tad_martin
adam_chandler	kendall_hart_slater
adam_chandler	bianca_montgomery
adam_chandler	josh_madden
adam_chandler	reggie_montgomery
alan_spaulding	phillip_spaulding
alan_spaulding	ava_peralta
alan_spaulding	emma_spaulding
phillip_spaulding	phillip_spaulding
phillip_spaulding	ava_peralta
phillip_spaulding	emma_spaulding
phillip_spaulding	zach_spaulding
phillip_spaulding	rick_bauer_guiding_light
phillip_spaulding	daisy_lemay
gus_aitoro	phillip_spaulding
gus_aitoro	gus_aitoro
gus_aitoro	zach_spaulding
gus_aitoro	rafe_rivera
gus_aitoro	rick_bauer_guiding_light
gus_aitoro	daisy_lemay
adelaide_of_löwensteinwertheimrosenberg	infanta_adelgundes_duchess_of_guimarães
adelaide_of_löwensteinwertheimrosenberg	infanta_maria_das_neves_of_portugal
gertrude_of_hohenburg	matilda_of_habsburg
gertrude_of_hohenburg	albert_i_of_germany
gertrude_of_hohenburg	judith_of_habsburg
gertrude_of_hohenburg	clementia_of_habsburg
william_i_of_scotland	alexander_ii_of_scotland
josephine_wayne	patrick_wayne
josephine_wayne	michael_wayne
john_of_saxony	albert_of_saxony
john_of_saxony	george_of_saxony
john_of_saxony	princess_elisabeth_of_saxony
john_of_saxony	princess_anna_of_saxony_18361859
john_of_saxony	princess_margaretha_of_saxony
john_of_saxony	princess_sophie_of_saxony
maria_josepha_of_saxony	isabella_ii_of_spain
maria_josepha_of_saxony	infanta_luisa_fernanda_duchess_of_montpensier
archduke_ferdinand_karl_viktor_of_austriaeste	maria_theresa_of_austriaeste_18491919
archduke_ferdinand_karl_viktor_of_austriaeste	maria_christina_of_austria
archduke_ferdinand_karl_viktor_of_austriaeste	archduke_friedrich_duke_of_teschen
archduke_ferdinand_karl_viktor_of_austriaeste	archduke_charles_stephen_of_austria
irina_godunova	tsarevna_feodosia_fedorovna
pauline_koch	albert_einstein
pauline_koch	einstein_family
albert_einstein	hans_albert_einstein
albert_einstein	lieserl_einstein
albert_einstein	eduard_einstein
prince_franz_of_bavaria	prince_rasso_of_bavaria
prince_franz_of_bavaria	prince_ludwig_of_bavaria_19132008
prince_franz_of_bavaria	princess_dorothea_of_bavaria
prince_franz_of_bavaria	princess_maria_elisabeth_of_bavaria
prince_rasso_of_bavaria	prince_franzjosef_of_bavaria
prince_rasso_of_bavaria	princess_gisela_of_bavaria
alice_marriott	j_w_marriott_jr
kris_jenner	kourtney_kardashian
kris_jenner	khloé_kardashian
kris_jenner	rob_kardashian
kris_jenner	kim_kardashian
kris_jenner	brody_jenner
ferdinand_ii_of_aragon	maria_of_aragon_queen_of_portugal
ferdinand_ii_of_aragon	catherine_of_aragon
ferdinand_ii_of_aragon	joanna_of_castile
ferdinand_ii_of_aragon	john_prince_of_asturias
ferdinand_ii_of_aragon	isabella_princess_of_asturias_14701498
princess_marie_of_orléans_18651909	prince_axel_of_denmark
princess_marie_of_orléans_18651909	princess_margaret_of_denmark
princess_marie_of_orléans_18651909	count_aage_of_rosenborg
princess_marie_of_orléans_18651909	count_viggo_of_rosenborg
princess_marie_of_orléans_18651909	count_erik_of_rosenborg
princess_béatrice_of_bourbontwo_sicilies	jean_christophe_prince_napoléon
olivia_winters	olivia_winters
olivia_winters	lily_winters
smiltsena_palaiologina	theodora_smilets_of_bulgaria
smiltsena_palaiologina	marina_smilets_of_bulgaria
kathleen_merrell_white	arlene_white_lawrence
princess_isabella_antonie_of_croÿ	prince_rasso_of_bavaria
princess_isabella_antonie_of_croÿ	prince_ludwig_of_bavaria_19132008
princess_isabella_antonie_of_croÿ	princess_dorothea_of_bavaria
princess_isabella_antonie_of_croÿ	princess_maria_elisabeth_of_bavaria
isabella_i_of_castile	maria_of_aragon_queen_of_portugal
isabella_i_of_castile	catherine_of_aragon
isabella_i_of_castile	joanna_of_castile
isabella_i_of_castile	john_prince_of_asturias
isabella_i_of_castile	isabella_princess_of_asturias_14701498
lydia_shum	joyce_cheng
susanna_wesley	john_wesley
susanna_wesley	charles_wesley
gustaf_vi_adolf_of_sweden	ingrid_of_sweden
gustaf_vi_adolf_of_sweden	prince_bertil_duke_of_halland
gustaf_vi_adolf_of_sweden	sigvard_bernadotte
gustaf_vi_adolf_of_sweden	carl_johan_bernadotte
gustaf_vi_adolf_of_sweden	prince_gustaf_adolf_duke_of_västerbotten
charles_montague_cooke	charles_montague_cooke_jr
charles_montague_cooke	clarence_hyde_cooke
alfonso_xiii_of_spain	infante_juan_count_of_barcelona
alfonso_xiii_of_spain	infante_jaime_duke_of_segovia
alfonso_xiii_of_spain	infante_gonzalo_of_spain
alfonso_xiii_of_spain	infanta_beatriz_of_spain
alfonso_xiii_of_spain	infanta_maria_cristina_of_spain
andrew_ii_of_hungary	béla_iv_of_hungary
andrew_ii_of_hungary	anna_maria_of_hungary
arcadius	pulcheria
arcadius	theodosius_ii
louis_ix_of_france	margaret_of_france_duchess_of_brabant
louis_ix_of_france	philip_iii_of_france
louis_ix_of_france	agnes_of_france_duchess_of_burgundy
louis_ix_of_france	isabella_of_france_queen_of_navarre
louis_ix_of_france	blanche_of_france_12531323
louis_ix_of_france	jean_tristan_of_france
maria_feodorovna_dagmar_of_denmark	nicholas_ii_of_russia
maria_feodorovna_dagmar_of_denmark	grand_duke_michael_alexandrovich_of_russia
maria_feodorovna_dagmar_of_denmark	grand_duchess_olga_alexandrovna_of_russia
maria_feodorovna_dagmar_of_denmark	grand_duke_alexander_alexandrovich_of_russia
maria_feodorovna_dagmar_of_denmark	grand_duke_george_alexandrovich_of_russia
maria_feodorovna_dagmar_of_denmark	grand_duchess_xenia_alexandrovna_of_russia
stephen_king	joe_hill_writer
stephen_king	owen_king
stephen_king	naomi_king
tiberius	agrippina_the_elder
tiberius	gaius_caesar
tiberius	lucius_caesar
tiberius	julia_the_younger
tiberius	drusus_julius_caesar
charles_xv_of_sweden	louise_of_sweden
charles_xv_of_sweden	prince_carl_oscar_duke_of_södermanland
margaret_of_valois	gaston_duke_of_orléans
margaret_of_valois	louis_xiii_of_france
margaret_of_valois	elisabeth_of_france_16021644
margaret_of_valois	christine_marie_of_france
margaret_of_valois	césar_duke_of_vendôme
margaret_of_valois	nicolas_henri_duke_of_orléans
margaret_of_valois	henrietta_maria_of_france
margaret_of_valois	catherine_henriette_de_bourbon
edward_vii_of_the_united_kingdom	maud_of_wales
edward_vii_of_the_united_kingdom	george_v_of_the_united_kingdom
edward_vii_of_the_united_kingdom	princess_victoria_of_the_united_kingdom
edward_vii_of_the_united_kingdom	prince_alexander_john_of_wales
maud_of_wales	olav_v_of_norway
alexandra_of_denmark	maud_of_wales
alexandra_of_denmark	george_v_of_the_united_kingdom
alexandra_of_denmark	princess_victoria_of_the_united_kingdom
alexandra_of_denmark	prince_alexander_john_of_wales
alexandra_feodorovna_alix_of_hesse	grand_duchess_tatiana_nikolaevna_of_russia
alexandra_feodorovna_alix_of_hesse	grand_duchess_anastasia_nikolaevna_of_russia
alexandra_feodorovna_alix_of_hesse	alexei_nikolaevich_tsarevich_of_russia
alexandra_feodorovna_alix_of_hesse	grand_duchess_olga_nikolaevna_of_russia
alexandra_feodorovna_alix_of_hesse	grand_duchess_maria_nikolaevna_of_russia_18991918
henry_iv_of_france	gaston_duke_of_orléans
henry_iv_of_france	louis_xiii_of_france
henry_iv_of_france	elisabeth_of_france_16021644
henry_iv_of_france	christine_marie_of_france
henry_iv_of_france	nicolas_henri_duke_of_orléans
henry_iv_of_france	henrietta_maria_of_france
henry_iv_of_france	charles_duke_of_brittany
leopold_iii_of_belgium	baudouin_of_belgium
leopold_iii_of_belgium	albert_ii_of_belgium
leopold_iii_of_belgium	princess_joséphinecharlotte_of_belgium
marie_josé_of_belgium	princess_maria_beatrice_of_savoy
marie_josé_of_belgium	princess_maria_gabriella_of_savoy
władysław_i_herman	bolesław_iii_wrymouth
joseph_bonaparte	charlotte_napoléone_bonaparte
joseph_bonaparte	zénaïde_laetitia_julie_bonaparte
victor_emmanuel_ii_of_italy	umberto_i_of_italy
christian_x_of_denmark	frederick_ix_of_denmark
christian_x_of_denmark	knud_hereditary_prince_of_denmark
frederick_ix_of_denmark	margrethe_ii_of_denmark
frederick_ix_of_denmark	princess_benedikte_of_denmark
frederick_ix_of_denmark	queen_annemarie_of_greece
marie_de_medici	gaston_duke_of_orléans
marie_de_medici	louis_xiii_of_france
marie_de_medici	elisabeth_of_france_16021644
marie_de_medici	christine_marie_of_france
marie_de_medici	césar_duke_of_vendôme
marie_de_medici	nicolas_henri_duke_of_orléans
marie_de_medici	henrietta_maria_of_france
marie_de_medici	catherine_henriette_de_bourbon
princess_haya_bint_al_hussein	hamdan_bin_mohammed_al_maktoum
christian_ix_of_denmark	frederick_viii_of_denmark
christian_ix_of_denmark	prince_valdemar_of_denmark
christian_ix_of_denmark	maria_feodorovna_dagmar_of_denmark
christian_ix_of_denmark	princess_thyra_of_denmark
nefertiti	smenkhkare
nefertiti	tutankhamun
nefertiti	meritaten
nefertiti	ankhesenamun
nefertiti	meketaten
nefertiti	neferneferuaten_tasherit
nefertiti	neferneferure
nefertiti	setepenre_princess
gustaf_v_of_sweden	gustaf_vi_adolf_of_sweden
gustaf_v_of_sweden	prince_wilhelm_duke_of_södermanland
gustaf_v_of_sweden	prince_erik_duke_of_västmanland
peter_iv_of_aragon	john_i_of_aragon
peter_iv_of_aragon	eleanor_of_aragon_queen_of_castile
anne_of_kiev	philip_i_of_france
vasili_iii_of_russia	ivan_iv_of_russia
vasili_iii_of_russia	yuri_vasilevich_son_of_vasili_iil
ivan_iv_of_russia	tsarevich_dmitry_ivanovich_of_russia
alfonso_xii_of_spain	alfonso_xiii_of_spain
alfonso_xii_of_spain	mercedes_princess_of_asturias
alfonso_xii_of_spain	infanta_maria_teresa_of_spain
ferdinand_vii_of_spain	isabella_ii_of_spain
ferdinand_vii_of_spain	infanta_luisa_fernanda_duchess_of_montpensier
john_ii_of_aragon	charles_prince_of_viana
john_ii_of_aragon	eleanor_of_navarre
john_ii_of_aragon	ferdinand_ii_of_aragon
ferdinand_i_of_aragon	john_ii_of_aragon
ferdinand_i_of_aragon	alfonso_v_of_aragon
ferdinand_i_of_aragon	eleanor_of_aragon_queen_of_portugal
tiye	akhenaten
tiye	smenkhkare
tiye	sitamun
tiye	crown_prince_thutmose
tiye	nebetah
tiye	beketaten
tiye	henuttaneb
tiye	iset_daughter_of_amenhotep_iii
timothy_west	samuel_west
princess_margaretha_of_sweden	prince_george_valdemar_of_denmark
princess_margaretha_of_sweden	count_flemming_valdemar_of_rosenborg
pierce_brosnan	chris_brosnan
victoria_of_baden	gustaf_vi_adolf_of_sweden
margherita_of_savoy	victor_emmanuel_iii_of_italy
abdullah_i_of_jordan	talal_of_jordan
bhumibol_adulyadej	ubolratana_rajakanya
bhumibol_adulyadej	vajiralongkorn
bhumibol_adulyadej	sirindhorn
bhumibol_adulyadej	chulabhorn_walailak
ubolratana_rajakanya	bhumi_jensen
ubolratana_rajakanya	ploypailin_jensen
ubolratana_rajakanya	sirikitiya_jensen
buddha_yodfa_chulaloke	buddha_loetla_nabhalai
buddha_yodfa_chulaloke	maha_senanurak
mary_de_bohun	humphrey_duke_of_gloucester
mary_de_bohun	john_of_lancaster_1st_duke_of_bedford
mary_de_bohun	thomas_of_lancaster_1st_duke_of_clarence
mary_de_bohun	blanche_of_england
mary_de_bohun	philippa_of_england
frederick_william_iii_of_prussia	frederick_william_iv_of_prussia
frederick_william_iii_of_prussia	william_i_german_emperor
frederick_william_iii_of_prussia	alexandra_feodorovna_charlotte_of_prussia
frederick_william_iii_of_prussia	princess_alexandrine_of_prussia
frederick_william_iii_of_prussia	prince_albert_of_prussia_18091872
frederick_william_iii_of_prussia	princess_louise_of_prussia_18081870
julie_clary	charlotte_napoléone_bonaparte
julie_clary	zénaïde_laetitia_julie_bonaparte
savang_vadhana	vajiravudh
savang_vadhana	prajadhipok
savang_vadhana	rangsit_prayurasakdi
savang_vadhana	vajirunhis
savang_vadhana	valaya_alongkorn
savang_vadhana	chakrabongse_bhuvanadh
savang_vadhana	chudadhuj_dharadilok
savang_vadhana	paribatra_sukhumbhand
savang_vadhana	abhakara_kiartivongse
savang_vadhana	kitiyakara_voralaksana
savang_vadhana	yaovabha_bongsanid
savang_vadhana	bahurada_manimaya
savang_vadhana	tribejrutama_dhamrong
savang_vadhana	adisaya_suriyabha
savang_vadhana	oraprabandh_rambai
savang_vadhana	hemvadi
savang_vadhana	chudharatana_rajakumari
savang_vadhana	voralaksanavadi
savang_vadhana	charoensri_chanamayu
savang_vadhana	beatrice_bhadrayuvadi
savang_vadhana	nabhanka_nibandhabongs
savang_vadhana	isaravongs_vorarajakumara
savang_vadhana	dibyalangkarn
savang_vadhana	abbhantripaja
savang_vadhana	khajera_chirapradidha
savang_vadhana	urubongs_rajsombhoj
savang_vadhana	lavad_voraong
savang_vadhana	komala_saovamala
savang_vadhana	vapi_busbakara
savang_vadhana	samaya_vudhirodom
savang_vadhana	prabai_bannabilas
savang_vadhana	prabha_bannabilaya
savang_vadhana	bismai_bimalasataya
savang_vadhana	praves_vorasamai
savang_vadhana	anusara_siriprasadh
savang_vadhana	isariyabhorn
savang_vadhana	bhongprabai
savang_vadhana	orabindu_benyabhak
savang_vadhana	ajrabarni_rajkanya
savang_vadhana	oraongka_ankayuba
savang_vadhana	suchitra_bharani
savang_vadhana	adorndibyanibha
savang_vadhana	sasibongse_prabai
savang_vadhana	bandhavanna_varobhas
savang_vadhana	suvabaktra_vilayabanna
savang_vadhana	srivilailaksana
savang_vadhana	vimolnaka_nabisi
savang_vadhana	nibha_nobhadol
savang_vadhana	malini_nobhadara
savang_vadhana	nabhachara_chamrassri
savang_vadhana	chandra_saradavara
savang_vadhana	yaovamalaya_narumala
savang_vadhana	suddha_dibyaratana
savang_vadhana	kannabhorn_bejaratana
savang_vadhana	sirabhorn_sobhon
savang_vadhana	vichitra_chiraprabha
savang_vadhana	benbadhanabongse
savang_vadhana	purachatra_jayakara
saovabha_bongsri	vajiravudh
saovabha_bongsri	prajadhipok
saovabha_bongsri	rangsit_prayurasakdi
saovabha_bongsri	vajirunhis
saovabha_bongsri	valaya_alongkorn
saovabha_bongsri	chakrabongse_bhuvanadh
saovabha_bongsri	chudadhuj_dharadilok
saovabha_bongsri	paribatra_sukhumbhand
saovabha_bongsri	abhakara_kiartivongse
saovabha_bongsri	kitiyakara_voralaksana
saovabha_bongsri	yaovabha_bongsanid
saovabha_bongsri	bahurada_manimaya
saovabha_bongsri	tribejrutama_dhamrong
saovabha_bongsri	adisaya_suriyabha
saovabha_bongsri	oraprabandh_rambai
saovabha_bongsri	hemvadi
saovabha_bongsri	chudharatana_rajakumari
saovabha_bongsri	voralaksanavadi
saovabha_bongsri	charoensri_chanamayu
saovabha_bongsri	beatrice_bhadrayuvadi
saovabha_bongsri	nabhanka_nibandhabongs
saovabha_bongsri	isaravongs_vorarajakumara
saovabha_bongsri	dibyalangkarn
saovabha_bongsri	abbhantripaja
saovabha_bongsri	khajera_chirapradidha
saovabha_bongsri	urubongs_rajsombhoj
saovabha_bongsri	lavad_voraong
saovabha_bongsri	komala_saovamala
saovabha_bongsri	vapi_busbakara
saovabha_bongsri	samaya_vudhirodom
saovabha_bongsri	prabai_bannabilas
saovabha_bongsri	prabha_bannabilaya
saovabha_bongsri	bismai_bimalasataya
saovabha_bongsri	praves_vorasamai
saovabha_bongsri	anusara_siriprasadh
saovabha_bongsri	isariyabhorn
saovabha_bongsri	bhongprabai
saovabha_bongsri	orabindu_benyabhak
saovabha_bongsri	ajrabarni_rajkanya
saovabha_bongsri	oraongka_ankayuba
saovabha_bongsri	suchitra_bharani
saovabha_bongsri	adorndibyanibha
saovabha_bongsri	sasibongse_prabai
saovabha_bongsri	bandhavanna_varobhas
saovabha_bongsri	suvabaktra_vilayabanna
saovabha_bongsri	srivilailaksana
saovabha_bongsri	vimolnaka_nabisi
saovabha_bongsri	nibha_nobhadol
saovabha_bongsri	malini_nobhadara
saovabha_bongsri	nabhachara_chamrassri
saovabha_bongsri	chandra_saradavara
saovabha_bongsri	yaovamalaya_narumala
saovabha_bongsri	suddha_dibyaratana
saovabha_bongsri	kannabhorn_bejaratana
saovabha_bongsri	sirabhorn_sobhon
saovabha_bongsri	vichitra_chiraprabha
saovabha_bongsri	benbadhanabongse
saovabha_bongsri	purachatra_jayakara
sunandha_kumariratana	vajiravudh
sunandha_kumariratana	prajadhipok
sunandha_kumariratana	rangsit_prayurasakdi
sunandha_kumariratana	vajirunhis
sunandha_kumariratana	valaya_alongkorn
sunandha_kumariratana	chakrabongse_bhuvanadh
sunandha_kumariratana	chudadhuj_dharadilok
sunandha_kumariratana	paribatra_sukhumbhand
sunandha_kumariratana	abhakara_kiartivongse
sunandha_kumariratana	kitiyakara_voralaksana
sunandha_kumariratana	yaovabha_bongsanid
sunandha_kumariratana	bahurada_manimaya
sunandha_kumariratana	tribejrutama_dhamrong
sunandha_kumariratana	adisaya_suriyabha
sunandha_kumariratana	oraprabandh_rambai
sunandha_kumariratana	hemvadi
sunandha_kumariratana	chudharatana_rajakumari
sunandha_kumariratana	voralaksanavadi
sunandha_kumariratana	charoensri_chanamayu
sunandha_kumariratana	beatrice_bhadrayuvadi
sunandha_kumariratana	nabhanka_nibandhabongs
sunandha_kumariratana	isaravongs_vorarajakumara
sunandha_kumariratana	dibyalangkarn
sunandha_kumariratana	abbhantripaja
sunandha_kumariratana	khajera_chirapradidha
sunandha_kumariratana	urubongs_rajsombhoj
sunandha_kumariratana	lavad_voraong
sunandha_kumariratana	komala_saovamala
sunandha_kumariratana	vapi_busbakara
sunandha_kumariratana	samaya_vudhirodom
sunandha_kumariratana	prabai_bannabilas
sunandha_kumariratana	prabha_bannabilaya
sunandha_kumariratana	bismai_bimalasataya
sunandha_kumariratana	praves_vorasamai
sunandha_kumariratana	anusara_siriprasadh
sunandha_kumariratana	isariyabhorn
sunandha_kumariratana	bhongprabai
sunandha_kumariratana	orabindu_benyabhak
sunandha_kumariratana	ajrabarni_rajkanya
sunandha_kumariratana	oraongka_ankayuba
sunandha_kumariratana	suchitra_bharani
sunandha_kumariratana	adorndibyanibha
sunandha_kumariratana	sasibongse_prabai
sunandha_kumariratana	bandhavanna_varobhas
sunandha_kumariratana	suvabaktra_vilayabanna
sunandha_kumariratana	srivilailaksana
sunandha_kumariratana	vimolnaka_nabisi
sunandha_kumariratana	nibha_nobhadol
sunandha_kumariratana	malini_nobhadara
sunandha_kumariratana	nabhachara_chamrassri
sunandha_kumariratana	chandra_saradavara
sunandha_kumariratana	yaovamalaya_narumala
sunandha_kumariratana	suddha_dibyaratana
sunandha_kumariratana	kannabhorn_bejaratana
sunandha_kumariratana	sirabhorn_sobhon
sunandha_kumariratana	vichitra_chiraprabha
sunandha_kumariratana	benbadhanabongse
sunandha_kumariratana	purachatra_jayakara
sukhumala_marasri	vajiravudh
sukhumala_marasri	prajadhipok
sukhumala_marasri	rangsit_prayurasakdi
sukhumala_marasri	vajirunhis
sukhumala_marasri	valaya_alongkorn
sukhumala_marasri	chakrabongse_bhuvanadh
sukhumala_marasri	chudadhuj_dharadilok
sukhumala_marasri	paribatra_sukhumbhand
sukhumala_marasri	abhakara_kiartivongse
sukhumala_marasri	kitiyakara_voralaksana
sukhumala_marasri	yaovabha_bongsanid
sukhumala_marasri	bahurada_manimaya
sukhumala_marasri	tribejrutama_dhamrong
sukhumala_marasri	adisaya_suriyabha
sukhumala_marasri	oraprabandh_rambai
sukhumala_marasri	hemvadi
sukhumala_marasri	chudharatana_rajakumari
sukhumala_marasri	voralaksanavadi
sukhumala_marasri	charoensri_chanamayu
sukhumala_marasri	beatrice_bhadrayuvadi
sukhumala_marasri	nabhanka_nibandhabongs
sukhumala_marasri	isaravongs_vorarajakumara
sukhumala_marasri	dibyalangkarn
sukhumala_marasri	abbhantripaja
sukhumala_marasri	khajera_chirapradidha
sukhumala_marasri	urubongs_rajsombhoj
sukhumala_marasri	lavad_voraong
sukhumala_marasri	komala_saovamala
sukhumala_marasri	vapi_busbakara
sukhumala_marasri	samaya_vudhirodom
sukhumala_marasri	prabai_bannabilas
sukhumala_marasri	prabha_bannabilaya
sukhumala_marasri	bismai_bimalasataya
sukhumala_marasri	praves_vorasamai
sukhumala_marasri	anusara_siriprasadh
sukhumala_marasri	isariyabhorn
sukhumala_marasri	bhongprabai
sukhumala_marasri	orabindu_benyabhak
sukhumala_marasri	ajrabarni_rajkanya
sukhumala_marasri	oraongka_ankayuba
sukhumala_marasri	suchitra_bharani
sukhumala_marasri	adorndibyanibha
sukhumala_marasri	sasibongse_prabai
sukhumala_marasri	bandhavanna_varobhas
sukhumala_marasri	suvabaktra_vilayabanna
sukhumala_marasri	srivilailaksana
sukhumala_marasri	vimolnaka_nabisi
sukhumala_marasri	nibha_nobhadol
sukhumala_marasri	malini_nobhadara
sukhumala_marasri	nabhachara_chamrassri
sukhumala_marasri	chandra_saradavara
sukhumala_marasri	yaovamalaya_narumala
sukhumala_marasri	suddha_dibyaratana
sukhumala_marasri	kannabhorn_bejaratana
sukhumala_marasri	sirabhorn_sobhon
sukhumala_marasri	vichitra_chiraprabha
sukhumala_marasri	benbadhanabongse
sukhumala_marasri	purachatra_jayakara
maria_amalia_of_saxony	ferdinand_i_of_the_two_sicilies
peter_i_of_portugal	ferdinand_i_of_portugal
sitamun	akhenaten
sitamun	smenkhkare
sitamun	sitamun
sitamun	crown_prince_thutmose
sitamun	nebetah
sitamun	beketaten
sitamun	henuttaneb
sitamun	iset_daughter_of_amenhotep_iii
iset_daughter_of_amenhotep_iii	akhenaten
iset_daughter_of_amenhotep_iii	smenkhkare
iset_daughter_of_amenhotep_iii	sitamun
iset_daughter_of_amenhotep_iii	crown_prince_thutmose
iset_daughter_of_amenhotep_iii	nebetah
iset_daughter_of_amenhotep_iii	beketaten
iset_daughter_of_amenhotep_iii	henuttaneb
iset_daughter_of_amenhotep_iii	iset_daughter_of_amenhotep_iii
prince_henry_of_battenberg	victoria_eugenie_of_battenberg
prince_henry_of_battenberg	alexander_mountbatten_1st_marquess_of_carisbrooke
prince_henry_of_battenberg	lord_leopold_mountbatten
prince_henry_of_battenberg	prince_maurice_of_battenberg
robert_kardashian	kourtney_kardashian
robert_kardashian	khloé_kardashian
robert_kardashian	rob_kardashian
robert_kardashian	kim_kardashian
robert_kardashian	brody_jenner
robert_kardashian	kendall_jenner
maria_christina_of_the_two_sicilies	isabella_ii_of_spain
maria_christina_of_the_two_sicilies	infanta_luisa_fernanda_duchess_of_montpensier
louise_of_mecklenburgstrelitz	frederick_william_iv_of_prussia
louise_of_mecklenburgstrelitz	william_i_german_emperor
louise_of_mecklenburgstrelitz	alexandra_feodorovna_charlotte_of_prussia
louise_of_mecklenburgstrelitz	princess_alexandrine_of_prussia
louise_of_mecklenburgstrelitz	prince_albert_of_prussia_18091872
louise_of_mecklenburgstrelitz	princess_louise_of_prussia_18081870
florence_harding	marshall_eugene_dewolfe
margaret_of_provence	margaret_of_france_duchess_of_brabant
margaret_of_provence	philip_iii_of_france
margaret_of_provence	agnes_of_france_duchess_of_burgundy
margaret_of_provence	isabella_of_france_queen_of_navarre
margaret_of_provence	blanche_of_france_12531323
margaret_of_provence	jean_tristan_of_france
dulce_of_aragon	afonso_ii_of_portugal
dulce_of_aragon	berengaria_of_portugal
thutmose_iv	amenhotep_iii
brooke_english	brooke_english
brooke_english	kathy_martin_amc
brooke_english	jr_chandler
brooke_english	skye_chandler
brooke_english	colby_chandler_all_my_children
brooke_english	hayley_vaughan
brooke_english	gloria_marsh
todd_manning	todd_manning
téa_delgado	téa_delgado
téa_delgado	danielle_rayburn
téa_delgado	blair_cramer
téa_delgado	starr_manning
téa_delgado	margaret_cochran
alia_alhussein	princess_haya_bint_al_hussein
alia_alhussein	abdullah_ii_of_jordan
alia_alhussein	prince_ali_bin_al_hussein
alia_alhussein	prince_hamzah_bin_al_hussein
alia_alhussein	princess_aisha_bint_al_hussein
alia_alhussein	princess_alia_bint_al_hussein
alia_alhussein	prince_faisal_bin_al_hussein
alia_alhussein	prince_hashim_bin_al_hussein
alia_alhussein	princess_iman_bint_al_hussein
alia_alhussein	princess_raiyah_bint_al_hussein
alia_alhussein	princess_zein_bint_al_hussein
bruce_jenner	kourtney_kardashian
bruce_jenner	khloé_kardashian
bruce_jenner	rob_kardashian
bruce_jenner	kim_kardashian
bruce_jenner	brody_jenner
bruce_jenner	kendall_jenner
alexandrine_of_mecklenburgschwerin	frederick_ix_of_denmark
alexandrine_of_mecklenburgschwerin	knud_hereditary_prince_of_denmark
blanche_of_namur	haakon_vi_of_norway
vajiralongkorn	bajrakitiyabha
olivia_serres	lavinia_ryves
sidney_luft	lorna_luft
louise_of_the_netherlands	louise_of_sweden
louise_of_the_netherlands	prince_carl_oscar_duke_of_södermanland
claude_of_france	henry_ii_of_france
claude_of_france	madeleine_of_valois
claude_of_france	margaret_of_france_duchess_of_berry
claude_of_france	francis_iii_duke_of_brittany
sharmila_tagore	soha_ali_khan
august_aleksander_czartoryski	adam_kazimierz_czartoryski
gertrude_of_merania	béla_iv_of_hungary
gertrude_of_merania	violant_of_hungary
gertrude_of_merania	anna_maria_of_hungary
matilda_of_boulogne	eustace_iv_count_of_boulogne
matilda_of_boulogne	william_i_count_of_boulogne
matilda_of_boulogne	marie_i_countess_of_boulogne
adam_cheng	joyce_cheng
pinedjem_i	menkheperre
pinedjem_i	psusennes_i
narriman_sadek	fuad_ii_of_egypt
narriman_sadek	princess_farial_of_egypt
narriman_sadek	princess_fadia_of_egypt
narriman_sadek	princess_fawzia_farouk_of_egypt
caroline_bonaparte	prince_achille_murat
caroline_bonaparte	prince_napoleon_lucien_charles_murat
sophia_magdalena_of_denmark	gustav_iv_adolf_of_sweden
hermann_einstein	albert_einstein
hermann_einstein	einstein_family
early_life_of_augustus	julia_the_elder
marie_henriette_of_austria	princess_stéphanie_of_belgium
marie_henriette_of_austria	princess_louisemarie_of_belgium
marie_henriette_of_austria	princess_clémentine_of_belgium
marie_henriette_of_austria	prince_leopold_duke_of_brabant
bagrat_iv_of_georgia	george_ii_of_georgia
louise_of_hessekassel	frederick_viii_of_denmark
louise_of_hessekassel	prince_valdemar_of_denmark
louise_of_hessekassel	maria_feodorovna_dagmar_of_denmark
louise_of_hessekassel	alexandra_of_denmark
louise_of_hessekassel	princess_thyra_of_denmark
louise_of_hessekassel	george_i_of_greece
linda_thompson_actress	khloé_kardashian
linda_thompson_actress	rob_kardashian
linda_thompson_actress	kim_kardashian
linda_thompson_actress	brody_jenner
elena_glinskaya	ivan_iv_of_russia
maria_christina_of_austria	alfonso_xiii_of_spain
maria_christina_of_austria	mercedes_princess_of_asturias
maria_christina_of_austria	infanta_maria_teresa_of_spain
olivia_spencer	olivia_spencer
olivia_spencer	emma_spaulding
olivia_spencer	harley_cooper
olivia_spencer	lizzie_spaulding
olivia_spencer	zach_spaulding
olivia_spencer	james_spaulding_guiding_light
harley_cooper	olivia_spencer
harley_cooper	emma_spaulding
harley_cooper	harley_cooper
harley_cooper	lizzie_spaulding
harley_cooper	zach_spaulding
harley_cooper	james_spaulding_guiding_light
harley_cooper	rafe_rivera
harley_cooper	natalia_rivera_aitoro
prince_mikasa	prince_tomohito_of_mikasa
prince_mikasa	prince_katsura
prince_mikasa	norihito_prince_takamado
prince_tomohito_of_mikasa	princess_akiko_of_mikasa
prince_tomohito_of_mikasa	princess_yōko_of_mikasa
princess_mikasa	prince_tomohito_of_mikasa
princess_mikasa	prince_katsura
princess_mikasa	norihito_prince_takamado
mahidol_adulyadej	bhumibol_adulyadej
seqenenre_tao_ii	ahmose_i
seqenenre_tao_ii	ahmosenefertari
seqenenre_tao_ii	kamose
irina_pavlovna_paley	prince_michael_feodorovich_of_russia
princess_olga_paley	irina_pavlovna_paley
princess_olga_paley	grand_duke_dmitri_pavlovich_of_russia
princess_olga_paley	vladimir_pavlovich_paley
princess_olga_paley	grand_duchess_maria_pavlovna_of_russia_18901958
letizia_ramolino	louis_bonaparte
letizia_ramolino	joseph_bonaparte
letizia_ramolino	caroline_bonaparte
letizia_ramolino	jérôme_bonaparte
letizia_ramolino	lucien_bonaparte
letizia_ramolino	napoleon_i
letizia_ramolino	pauline_bonaparte
letizia_ramolino	elisa_bonaparte
martin_fitzgerald_passions_character	paloma_lopezfitzgerald
martin_fitzgerald_passions_character	luis_lopezfitzgerald
martin_fitzgerald_passions_character	miguel_lopezfitzgerald
martin_fitzgerald_passions_character	antonio_lopezfitzgerald
martin_fitzgerald_passions_character	theresa_lopezfitzgerald_crane
eleanor_of_alburquerque	john_ii_of_aragon
eleanor_of_alburquerque	alfonso_v_of_aragon
eleanor_of_alburquerque	eleanor_of_aragon_queen_of_portugal
conway_bernerslee	tim_bernerslee
princess_margaret_of_denmark	queen_anne_of_romania
maria_josepha_of_austria	frederick_christian_elector_of_saxony
maria_josepha_of_austria	princess_maria_josepha_of_saxony_17311767
maria_josepha_of_austria	prince_albert_of_saxony_duke_of_teschen
maria_josepha_of_austria	maria_amalia_of_saxony
maria_josepha_of_austria	prince_clemens_wenceslaus_of_saxony
maria_josepha_of_austria	maria_anna_sophia_of_saxony
maria_josepha_of_austria	prince_francis_xavier_of_saxony
maria_josepha_of_austria	charles_of_saxony_duke_of_courland
maria_josepha_of_austria	princess_maria_christina_of_saxony_17351782
grand_duke_michael_nikolaevich_of_russia	grand_duke_alexander_mikhailovich_of_russia
grand_duke_michael_nikolaevich_of_russia	grand_duchess_anastasia_mikhailovna_of_russia
grand_duke_michael_nikolaevich_of_russia	grand_duke_michael_mikhailovich_of_russia
grand_duke_michael_nikolaevich_of_russia	grand_duke_sergei_mikhailovich_of_russia
grand_duke_michael_nikolaevich_of_russia	grand_duke_george_mikhailovich_of_russia_18631919
grand_duke_michael_nikolaevich_of_russia	grand_duke_nicholas_mikhailovich_of_russia
grand_duke_michael_nikolaevich_of_russia	grand_duke_alexei_mikhailovich_of_russia
arthur_kent_white	robert_barney_dallenbach
arthur_kent_white	arlene_white_lawrence
victoria_lord	natalie_buchanan
victoria_lord	jessica_buchanan
victoria_lord	kevin_buchanan
victoria_lord	joey_buchanan
victoria_lord	cord_roberts
bo_buchanan	rachel_gannon
david_vickers	adriana_cramer
david_vickers	victoria_lord
david_vickers	cramer_family
sophie_amalie_of_brunswicklüneburg	christian_v_of_denmark
sophie_amalie_of_brunswicklüneburg	ulrika_eleonora_of_denmark
sophie_amalie_of_brunswicklüneburg	prince_george_of_denmark
sophie_amalie_of_brunswicklüneburg	princess_frederica_amalia_of_denmark
sophie_amalie_of_brunswicklüneburg	princess_anna_sophie_of_denmark
mutemwiya	amenhotep_iii
mutemwiya	siatum
mutemwiya	tiaa_princess
mutemwiya	amenemopet_princess
mutemwiya	amenemhat_son_of_thutmose_iv
mutemwiya	tentamun_18th_dynasty
juana_enríquez	charles_prince_of_viana
juana_enríquez	eleanor_of_navarre
juana_enríquez	ferdinand_ii_of_aragon
gloria_marsh	jr_chandler
gloria_marsh	skye_chandler
gloria_marsh	colby_chandler_all_my_children
gloria_marsh	hayley_vaughan
gloria_marsh	gloria_marsh
gloria_marsh	erica_kane
krystal_carey	jr_chandler
krystal_carey	skye_chandler
krystal_carey	colby_chandler_all_my_children
krystal_carey	hayley_vaughan
krystal_carey	gloria_marsh
piam	chulalongkorn
piam	damrong_rajanubhab
piam	savang_vadhana
piam	saovabha_bongsri
piam	bhanurangsi_savangwongse
piam	devavongse
piam	sunandha_kumariratana
piam	sukhumala_marasri
piam	narisara_nuvadtivongs
piam	jayanta_mongkol
jeffrey_oneill	phillip_spaulding
jeffrey_oneill	ava_peralta
jeffrey_oneill	emma_spaulding
opal_cortlandt	tad_martin
clint_buchanan	rachel_gannon
clint_buchanan	jennifer_rappaport
natalie_buchanan	jessica_buchanan
joey_buchanan	joey_buchanan
ruth_martin_all_my_children	tad_martin
ruth_martin_all_my_children	ruth_martin_all_my_children
ruth_martin_all_my_children	jake_martin_all_my_children
ruth_martin_all_my_children	jeff_martin_all_my_children
rex_balsom	joey_buchanan
beth_rainesspaulding	olivia_spencer
beth_rainesspaulding	emma_spaulding
beth_rainesspaulding	harley_cooper
beth_rainesspaulding	lizzie_spaulding
beth_rainesspaulding	zach_spaulding
beth_rainesspaulding	james_spaulding_guiding_light
natalia_rivera_aitoro	phillip_spaulding
natalia_rivera_aitoro	ava_peralta
natalia_rivera_aitoro	emma_spaulding
natalia_rivera_aitoro	rafe_rivera
natalia_rivera_aitoro	natalia_rivera_aitoro
amalie_auguste_of_bavaria	albert_of_saxony
amalie_auguste_of_bavaria	george_of_saxony
amalie_auguste_of_bavaria	princess_elisabeth_of_saxony
amalie_auguste_of_bavaria	princess_anna_of_saxony_18361859
amalie_auguste_of_bavaria	princess_margaretha_of_saxony
amalie_auguste_of_bavaria	princess_sophie_of_saxony
olga_feodorovna_of_baden	grand_duke_alexander_mikhailovich_of_russia
olga_feodorovna_of_baden	grand_duchess_anastasia_mikhailovna_of_russia
olga_feodorovna_of_baden	grand_duke_michael_mikhailovich_of_russia
olga_feodorovna_of_baden	grand_duke_sergei_mikhailovich_of_russia
olga_feodorovna_of_baden	grand_duke_george_mikhailovich_of_russia_18631919
olga_feodorovna_of_baden	grand_duke_nicholas_mikhailovich_of_russia
olga_feodorovna_of_baden	grand_duke_alexei_mikhailovich_of_russia
hank_gannon	rachel_gannon
farida_of_egypt	fuad_ii_of_egypt
farida_of_egypt	princess_farial_of_egypt
farida_of_egypt	princess_fadia_of_egypt
farida_of_egypt	princess_fawzia_farouk_of_egypt
elizabeth_the_cuman	ladislaus_iv_of_hungary
elizabeth_the_cuman	mary_of_hungary_queen_of_naples
elizabeth_the_cuman	catherine_of_hungary_queen_of_serbia
elizabeth_the_cuman	elizabeth_of_hungary_queen_of_serbia
musbah_bint_nasser	talal_of_jordan
duke_christian_louis_of_mecklenburg	duchess_donata_of_mecklenburg
joanna_of_castile	ferdinand_i_holy_roman_emperor
joanna_of_castile	eleanor_of_austria
eleanor_of_sicily	john_i_of_aragon
eleanor_of_sicily	eleanor_of_aragon_queen_of_castile
eleanor_of_sicily	isabella_of_aragon_13801424
eleanor_of_sicily	joanna_of_aragon_countess_of_ampurias
euphemia_of_pomerania	valdemar_iv_of_denmark
soamsavali_kitiyakara	dipangkorn_rasmijoti
soamsavali_kitiyakara	bajrakitiyabha
soamsavali_kitiyakara	sirivannavari_nariratana
gustav_iii_of_sweden	gustav_iv_adolf_of_sweden
mindy_lewis	olivia_spencer
mindy_lewis	emma_spaulding
mindy_lewis	harley_cooper
mindy_lewis	lizzie_spaulding
mindy_lewis	zach_spaulding
mindy_lewis	james_spaulding_guiding_light
therese_of_saxehildburghausen	luitpold_prince_regent_of_bavaria
princess_amalie_of_hohenzollernsigmaringen	princess_antoinette_of_saxealtenburg
princess_amalie_of_hohenzollernsigmaringen	princess_therese_of_saxealtenburg
umberto_i_of_italy	victor_emmanuel_iii_of_italy
archduchess_theresa_of_austria_b_1931	prince_franzjosef_of_bavaria
archduchess_theresa_of_austria_b_1931	princess_gisela_of_bavaria
henry_i_of_france	philip_i_of_france
john_of_england	eleanor_of_leicester
john_of_england	isabella_of_england
germanicus	agrippina_the_younger
germanicus	caligula
tabitha_king	joe_hill_writer
tabitha_king	owen_king
tabitha_king	naomi_king
princess_charlotte_of_wales	leopold_ii_of_belgium
princess_charlotte_of_wales	charlotte_of_belgium
princess_charlotte_of_wales	prince_philippe_count_of_flanders
princess_charlotte_of_wales	louisphilippe_crown_prince_of_belgium
edward_i_of_england	margaret_of_england_duchess_of_brabant
edward_i_of_england	joan_of_acre
edward_i_of_england	alphonso_earl_of_chester
edward_i_of_england	elizabeth_of_rhuddlan
edward_i_of_england	eleanor_of_england_countess_of_bar
edward_i_of_england	mary_of_woodstock
anne_of_great_britain	prince_william_duke_of_gloucester
george_v_of_the_united_kingdom	edward_viii_of_the_united_kingdom
george_v_of_the_united_kingdom	george_vi_of_the_united_kingdom
george_v_of_the_united_kingdom	prince_henry_duke_of_gloucester
george_v_of_the_united_kingdom	prince_george_duke_of_kent
george_v_of_the_united_kingdom	prince_john_of_the_united_kingdom
maria_carolina_of_austria	francis_i_of_the_two_sicilies
maria_carolina_of_austria	leopold_prince_of_salerno
maria_carolina_of_austria	carlo_duke_of_calabria
isabella_of_angoulême	henry_iii_of_england
isabella_of_angoulême	richard_1st_earl_of_cornwall
isabella_of_angoulême	eleanor_of_leicester
isabella_of_angoulême	isabella_of_england
isabella_of_angoulême	joan_lady_of_wales
isabella_of_angoulême	joan_of_england_queen_of_scots
sigismund_iii_vasa	john_ii_casimir_vasa
eleanor_of_castile	margaret_of_england_duchess_of_brabant
natalia_brasova	george_mikhailovich_count_brasov
livia	julia_the_elder
livia	lucius_caesar
charles_vii_of_france	louis_xi_of_france
charles_vii_of_france	magdalena_of_valois
casimir_iii_the_great	elisabeth_of_poland_duchess_of_pomerania
maría_isabella_of_spain	princess_maria_amalia_of_bourbontwo_sicilies_18181857
maría_isabella_of_spain	ferdinand_ii_of_the_two_sicilies
maría_isabella_of_spain	maria_christina_of_the_two_sicilies
maría_isabella_of_spain	theresa_christina_of_the_two_sicilies
maría_isabella_of_spain	prince_leopold_count_of_syracuse
maría_isabella_of_spain	prince_francis_count_of_trapani
maría_isabella_of_spain	charles_ferdinand_prince_of_capua
maría_isabella_of_spain	prince_louis_count_of_aquila
maría_isabella_of_spain	princess_maria_carolina_of_bourbontwo_sicilies_18201861
maría_isabella_of_spain	princess_maria_antonia_of_the_two_sicilies
charles_iii_of_spain	ferdinand_i_of_the_two_sicilies
charles_iii_of_spain	charles_iv_of_spain
charles_iii_of_spain	maria_luisa_of_spain
charles_iii_of_spain	infante_gabriel_of_spain
charles_iii_of_spain	infante_philip_duke_of_calabria
charles_iii_of_spain	infanta_maria_josefa_of_spain
astrid_of_sweden	baudouin_of_belgium
astrid_of_sweden	albert_ii_of_belgium
astrid_of_sweden	prince_alexander_of_belgium
astrid_of_sweden	princess_mariechristine_of_belgium
astrid_of_sweden	princess_marieesméralda_of_belgium
astrid_of_sweden	princess_joséphinecharlotte_of_belgium
eleanor_of_austria	henry_ii_of_france
eleanor_of_austria	john_iii_of_portugal
eleanor_of_austria	henry_of_portugal
eleanor_of_austria	beatrice_of_portugal_duchess_of_savoy
eleanor_of_austria	isabella_of_portugal
eleanor_of_austria	madeleine_of_valois
eleanor_of_austria	margaret_of_france_duchess_of_berry
eleanor_of_austria	francis_iii_duke_of_brittany
philip_i_of_castile	charles_v_holy_roman_emperor
philip_i_of_castile	ferdinand_i_holy_roman_emperor
philip_i_of_castile	isabella_of_austria
philip_i_of_castile	mary_of_austria_queen_of_hungary
philip_i_of_castile	eleanor_of_austria
philip_i_of_castile	catherine_of_austria_queen_of_portugal
constantine_ii_of_greece	pavlos_crown_prince_of_greece
laurence_harvey	domino_harvey
ludwig_i_of_bavaria	luitpold_prince_regent_of_bavaria
ludwig_i_of_bavaria	otto_of_greece
ludwig_i_of_bavaria	maximilian_ii_of_bavaria
ludwig_i_of_bavaria	princess_alexandra_of_bavaria
ludwig_i_of_bavaria	prince_adalbert_of_bavaria_18281875
ludwig_i_of_bavaria	princess_hildegard_of_bavaria
ludwig_i_of_bavaria	princess_mathilde_of_bavaria
ludwig_i_of_bavaria	princess_adelgunde_of_bavaria
princess_märtha_of_sweden	harald_v_of_norway
princess_märtha_of_sweden	princess_astrid_of_norway
princess_märtha_of_sweden	princess_ragnhild_of_norway
khamphoui	vong_savang
alexandra_feodorovna_charlotte_of_prussia	alexander_ii_of_russia
alexandra_feodorovna_charlotte_of_prussia	grand_duke_michael_nikolaevich_of_russia
alexandra_feodorovna_charlotte_of_prussia	grand_duke_nicholas_nikolaevich_of_russia_18311891
alexandra_feodorovna_charlotte_of_prussia	grand_duke_konstantin_nikolayevich_of_russia
alexandra_feodorovna_charlotte_of_prussia	olga_nikolaevna_of_russia
alexandra_feodorovna_charlotte_of_prussia	grand_duchess_alexandra_nikolaevna_of_russia
alexandra_feodorovna_charlotte_of_prussia	grand_duchess_maria_nikolaevna_of_russia_18191876
louise_mountbatten	ingrid_of_sweden
louise_mountbatten	prince_bertil_duke_of_halland
louise_mountbatten	sigvard_bernadotte
louise_mountbatten	carl_johan_bernadotte
louise_mountbatten	prince_gustaf_adolf_duke_of_västerbotten
mileva_marić	hans_albert_einstein
mileva_marić	lieserl_einstein
mileva_marić	eduard_einstein
gilukhipa	akhenaten
gilukhipa	smenkhkare
gilukhipa	sitamun
gilukhipa	crown_prince_thutmose
gilukhipa	nebetah
gilukhipa	beketaten
gilukhipa	henuttaneb
gilukhipa	iset_daughter_of_amenhotep_iii
erica_kane	erica_kane
dimitri_marick	kendall_hart_slater
dimitri_marick	bianca_montgomery
dimitri_marick	josh_madden
dimitri_marick	reggie_montgomery
blair_cramer	téa_delgado
blair_cramer	danielle_rayburn
blair_cramer	blair_cramer
blair_cramer	starr_manning
blair_cramer	margaret_cochran
elena_of_montenegro	umberto_ii_of_italy
elena_of_montenegro	princess_mafalda_of_savoy
elena_of_montenegro	giovanna_of_italy
elena_of_montenegro	princess_yolanda_of_savoy
elena_of_montenegro	princess_maria_francesca_of_savoy
izabela_czartoryska	zofia_czartoryska
izabela_czartoryska	konstanty_adam_czartoryski
maria_alexandrovna_marie_of_hesse	alexander_iii_of_russia
maria_alexandrovna_marie_of_hesse	grand_duchess_maria_alexandrovna_of_russia
maria_alexandrovna_marie_of_hesse	grand_duke_sergei_alexandrovich_of_russia
maria_alexandrovna_marie_of_hesse	grand_duke_paul_alexandrovich_of_russia
maria_alexandrovna_marie_of_hesse	grand_duke_vladimir_alexandrovich_of_russia
maria_alexandrovna_marie_of_hesse	grand_duke_alexei_alexandrovich_of_russia
maria_alexandrovna_marie_of_hesse	nicholas_alexandrovich_tsarevich_of_russia
maria_alexandrovna_marie_of_hesse	grand_duchess_alexandra_alexandrovna_of_russia
napoleon_i	hortense_de_beauharnais
napoleon_i	eugène_de_beauharnais
babe_carey	adam_chandler_iii
babe_carey	marissa_tasker
bertrade_de_montfort	constance_of_france_princess_of_antioch
bertrade_de_montfort	louis_vi_of_france
bertrade_de_montfort	cecile_of_france
valerie_barlow	peter_barlow_coronation_street
valerie_barlow	susan_barlow
srinagarindra	bhumibol_adulyadej
srinagarindra	ananda_mahidol
srinagarindra	galyani_vadhana
dixie_lee	harry_crosby_actor
dixie_lee	gary_crosby_actor
dixie_lee	lindsay_crosby
marissa_tasker	adam_chandler_iii
marissa_tasker	marissa_tasker
nash_brennan	nash_brennan
janelle_timmins	anne_baxter
janelle_timmins	dylan_timmins
janelle_timmins	bree_timmins
janelle_timmins	pepper_steiger
janelle_timmins	janae_timmins
kim_timmins	dylan_timmins
kim_timmins	bree_timmins
kim_timmins	pepper_steiger
kim_timmins	janae_timmins
kim_timmins	stingray_timmins
kim_timmins	anne_baxter_neighbours
liza_colby	jr_chandler
liza_colby	skye_chandler
liza_colby	colby_chandler_all_my_children
liza_colby	hayley_vaughan
liza_colby	gloria_marsh
archduchess_maria_clementina_of_austria	princess_maria_amalia_of_bourbontwo_sicilies_18181857
archduchess_maria_clementina_of_austria	ferdinand_ii_of_the_two_sicilies
archduchess_maria_clementina_of_austria	maria_christina_of_the_two_sicilies
archduchess_maria_clementina_of_austria	theresa_christina_of_the_two_sicilies
archduchess_maria_clementina_of_austria	prince_leopold_count_of_syracuse
archduchess_maria_clementina_of_austria	prince_francis_count_of_trapani
archduchess_maria_clementina_of_austria	charles_ferdinand_prince_of_capua
archduchess_maria_clementina_of_austria	prince_louis_count_of_aquila
archduchess_maria_clementina_of_austria	princess_maria_carolina_of_bourbontwo_sicilies_18201861
archduchess_maria_clementina_of_austria	princess_maria_antonia_of_the_two_sicilies
maria_adelaide_of_austria	umberto_i_of_italy
maria_adelaide_of_austria	amadeo_of_spain
maria_adelaide_of_austria	maria_pia_of_italy
maria_adelaide_of_austria	princess_maria_clotilde_of_savoy
maria_adelaide_of_austria	prince_oddone_duke_of_montferrat
suvadhana	bejaratana_rajasuda
christine_rodd	anne_baxter
christine_rodd	dylan_timmins
christine_rodd	bree_timmins
christine_rodd	pepper_steiger
christine_rodd	janae_timmins
victor_amadeus_ii_of_sardinia	charles_emmanuel_iii_of_sardinia
victor_amadeus_ii_of_sardinia	princess_marie_adélaïde_of_savoy
victor_amadeus_ii_of_sardinia	maria_luisa_of_savoy
victor_amadeus_ii_of_sardinia	victor_amadeus_prince_of_piedmont
jeff_martin_all_my_children	kendall_hart_slater
jeff_martin_all_my_children	bianca_montgomery
jeff_martin_all_my_children	josh_madden
jeff_martin_all_my_children	reggie_montgomery
travis_montgomery	kendall_hart_slater
travis_montgomery	bianca_montgomery
travis_montgomery	josh_madden
travis_montgomery	reggie_montgomery
lord_family	adriana_cramer
lord_family	victoria_lord
lord_family	cramer_family
tina_lord	sarah_roberts
lindsay_rappaport	natalie_buchanan
lindsay_rappaport	jessica_buchanan
lindsay_rappaport	kevin_buchanan
lindsay_rappaport	joey_buchanan
lindsay_rappaport	cord_roberts
mitch_laurence	adriana_cramer
mitch_laurence	victoria_lord
mitch_laurence	cramer_family
anna_rice_cooke	charles_montague_cooke_jr
anna_rice_cooke	clarence_hyde_cooke
polyxena_of_hesserotenburg	princess_maria_luisa_of_savoy_17291767
polyxena_of_hesserotenburg	princess_eleonora_of_savoy
polyxena_of_hesserotenburg	benedetto_duke_of_chablais
polyxena_of_hesserotenburg	princess_maria_felicita_of_savoy
jeanne_de_laval	margaret_of_anjou
sri_suriyendra	mongkut
sri_suriyendra	jessadabodindra
sri_suriyendra	pinklao
princess_ida_of_saxemeiningen	princess_amalia_of_saxeweimareisenach
pannarai	chulalongkorn
pannarai	damrong_rajanubhab
pannarai	savang_vadhana
pannarai	saovabha_bongsri
pannarai	bhanurangsi_savangwongse
pannarai	devavongse
pannarai	sunandha_kumariratana
pannarai	sukhumala_marasri
pannarai	narisara_nuvadtivongs
pannarai	jayanta_mongkol
bill_lewis_iii	phillip_spaulding
bill_lewis_iii	ava_peralta
bill_lewis_iii	emma_spaulding
martha_of_armagnac	yolande_of_aragon
martha_of_armagnac	joanna_of_aragon_countess_of_foix
amitabh_bachchan	abhishek_bachchan
kay_kendall	noel_harrison
mark_herron	lorna_luft
vincente_minnelli	lorna_luft
louis_ii_of_naples	rené_of_anjou
louis_ii_of_naples	marie_of_anjou
azlan_shah_of_perak	raja_nazrin_shah
azlan_shah_of_perak	raja_eleena
paul_greenwood	melissa_greenwood
worthy_lady_shun	jiaqing_emperor
worthy_lady_shun	xia_ziwei
prince_sigismund_of_prussia_18961978	princess_barbara_of_prussia
mark_burns	domino_harvey
dara_rasmi	vajiravudh
dara_rasmi	prajadhipok
dara_rasmi	rangsit_prayurasakdi
dara_rasmi	vajirunhis
dara_rasmi	valaya_alongkorn
dara_rasmi	chakrabongse_bhuvanadh
dara_rasmi	chudadhuj_dharadilok
dara_rasmi	paribatra_sukhumbhand
dara_rasmi	abhakara_kiartivongse
dara_rasmi	kitiyakara_voralaksana
dara_rasmi	yaovabha_bongsanid
dara_rasmi	bahurada_manimaya
dara_rasmi	tribejrutama_dhamrong
dara_rasmi	adisaya_suriyabha
dara_rasmi	oraprabandh_rambai
dara_rasmi	hemvadi
dara_rasmi	chudharatana_rajakumari
dara_rasmi	voralaksanavadi
dara_rasmi	charoensri_chanamayu
dara_rasmi	beatrice_bhadrayuvadi
dara_rasmi	nabhanka_nibandhabongs
dara_rasmi	isaravongs_vorarajakumara
dara_rasmi	dibyalangkarn
dara_rasmi	abbhantripaja
dara_rasmi	khajera_chirapradidha
dara_rasmi	urubongs_rajsombhoj
dara_rasmi	lavad_voraong
dara_rasmi	komala_saovamala
dara_rasmi	vapi_busbakara
dara_rasmi	samaya_vudhirodom
dara_rasmi	prabai_bannabilas
dara_rasmi	prabha_bannabilaya
dara_rasmi	bismai_bimalasataya
dara_rasmi	praves_vorasamai
dara_rasmi	anusara_siriprasadh
dara_rasmi	isariyabhorn
dara_rasmi	bhongprabai
dara_rasmi	orabindu_benyabhak
dara_rasmi	ajrabarni_rajkanya
dara_rasmi	oraongka_ankayuba
dara_rasmi	suchitra_bharani
dara_rasmi	adorndibyanibha
dara_rasmi	sasibongse_prabai
dara_rasmi	bandhavanna_varobhas
dara_rasmi	suvabaktra_vilayabanna
dara_rasmi	srivilailaksana
dara_rasmi	vimolnaka_nabisi
dara_rasmi	nibha_nobhadol
dara_rasmi	malini_nobhadara
dara_rasmi	nabhachara_chamrassri
dara_rasmi	chandra_saradavara
dara_rasmi	yaovamalaya_narumala
dara_rasmi	suddha_dibyaratana
dara_rasmi	kannabhorn_bejaratana
dara_rasmi	sirabhorn_sobhon
dara_rasmi	vichitra_chiraprabha
dara_rasmi	benbadhanabongse
dara_rasmi	purachatra_jayakara
esperanza_baur	patrick_wayne
esperanza_baur	michael_wayne
pilar_pallete	patrick_wayne
pilar_pallete	michael_wayne
isabella_of_burgundy_12701323	matilda_of_habsburg
isabella_of_burgundy_12701323	albert_i_of_germany
isabella_of_burgundy_12701323	judith_of_habsburg
isabella_of_burgundy_12701323	clementia_of_habsburg
countess_palatine_anne_christine_of_sulzbach	princess_maria_luisa_of_savoy_17291767
countess_palatine_anne_christine_of_sulzbach	princess_eleonora_of_savoy
countess_palatine_anne_christine_of_sulzbach	benedetto_duke_of_chablais
countess_palatine_anne_christine_of_sulzbach	princess_maria_felicita_of_savoy
lilli_palmer	noel_harrison
violant_of_bar	yolande_of_aragon
violant_of_bar	joanna_of_aragon_countess_of_foix
keely_shaye_smith	chris_brosnan
dominiquefrance_picard	muhammad_ali_prince_of_the_said
dominiquefrance_picard	princess_fawzialatifa_of_egypt
dominiquefrance_picard	prince_fakhruddin_of_egypt
catherine_dolgorukov	alexander_iii_of_russia
catherine_dolgorukov	grand_duchess_maria_alexandrovna_of_russia
catherine_dolgorukov	grand_duke_sergei_alexandrovich_of_russia
catherine_dolgorukov	grand_duke_paul_alexandrovich_of_russia
catherine_dolgorukov	grand_duke_vladimir_alexandrovich_of_russia
catherine_dolgorukov	grand_duke_alexei_alexandrovich_of_russia
catherine_dolgorukov	nicholas_alexandrovich_tsarevich_of_russia
catherine_dolgorukov	grand_duchess_alexandra_alexandrovna_of_russia
martha_jefferson	martha_jefferson_randolph
martha_jefferson	eston_hemings
martha_jefferson	madison_hemings
martha_jefferson	mary_jefferson_eppes
martha_jefferson	harriet_hemings
sam_marx	harpo_marx
sam_marx	groucho_marx
sam_marx	chico_marx
sam_marx	zeppo_marx
sam_marx	gummo_marx
lynn_bari	lorna_luft
camille_keaton	lorna_luft
sri_sulalai	mongkut
sri_sulalai	jessadabodindra
sri_sulalai	pinklao
fragrant_concubine	jiaqing_emperor
fragrant_concubine	xia_ziwei
mahmud_shah_of_malacca	alauddin_riayat_shah_ii_of_johor
germaine_of_foix	maria_of_aragon_queen_of_portugal
germaine_of_foix	catherine_of_aragon
germaine_of_foix	joanna_of_castile
germaine_of_foix	john_prince_of_asturias
germaine_of_foix	isabella_princess_of_asturias_14701498
louise_of_orléans	leopold_ii_of_belgium
louise_of_orléans	charlotte_of_belgium
louise_of_orléans	prince_philippe_count_of_flanders
louise_of_orléans	louisphilippe_crown_prince_of_belgium
annie_lavery	jr_chandler
annie_lavery	skye_chandler
annie_lavery	colby_chandler_all_my_children
annie_lavery	hayley_vaughan
annie_lavery	gloria_marsh
imperial_noble_consort_qing_gong	jiaqing_emperor
imperial_noble_consort_qing_gong	xia_ziwei
noble_consort_ying	jiaqing_emperor
noble_consort_ying	xia_ziwei
consort_shu	jiaqing_emperor
consort_shu	xia_ziwei
noble_consort_wan	jiaqing_emperor
noble_consort_wan	xia_ziwei
elsa_einstein	hans_albert_einstein
elsa_einstein	lieserl_einstein
elsa_einstein	eduard_einstein
blake_marler	olivia_spencer
blake_marler	emma_spaulding
blake_marler	harley_cooper
blake_marler	lizzie_spaulding
blake_marler	zach_spaulding
blake_marler	james_spaulding_guiding_light
maria_theresa_of_austria_18011855	victor_emmanuel_ii_of_italy
maria_theresa_of_austria_18011855	prince_ferdinand_duke_of_genoa_18221855
arlene_vaughan	jr_chandler
arlene_vaughan	skye_chandler
arlene_vaughan	colby_chandler_all_my_children
arlene_vaughan	hayley_vaughan
arlene_vaughan	gloria_marsh
hedwig_of_holstein	ingeborg_magnusdotter_of_sweden
soamanas_vadhanavadi	chulalongkorn
soamanas_vadhanavadi	damrong_rajanubhab
soamanas_vadhanavadi	savang_vadhana
soamanas_vadhanavadi	saovabha_bongsri
soamanas_vadhanavadi	bhanurangsi_savangwongse
soamanas_vadhanavadi	devavongse
soamanas_vadhanavadi	sunandha_kumariratana
soamanas_vadhanavadi	sukhumala_marasri
soamanas_vadhanavadi	narisara_nuvadtivongs
soamanas_vadhanavadi	jayanta_mongkol
helvig_of_schleswig	margaret_i_of_denmark
laksamilawan	bejaratana_rajasuda
indrasakdi_sachi	bejaratana_rajasuda
sucharit_suda	bejaratana_rajasuda
claudius	nero
mercedes_of_orléans	alfonso_xiii_of_spain
mercedes_of_orléans	mercedes_princess_of_asturias
mercedes_of_orléans	infanta_maria_teresa_of_spain
nancy_reagan	michael_reagan
nancy_reagan	ron_reagan
nancy_reagan	maureen_reagan
nancy_reagan	patti_davis
jane_wyman	michael_reagan
jane_wyman	ron_reagan
jane_wyman	maureen_reagan
jane_wyman	patti_davis
wendi_deng	lachlan_murdoch
wendi_deng	james_murdoch_media_executive
wendi_deng	elisabeth_murdoch_businesswoman
alice_hathaway_lee_roosevelt	alice_roosevelt_longworth
alice_hathaway_lee_roosevelt	theodore_roosevelt_jr
alice_hathaway_lee_roosevelt	kermit_roosevelt
alice_hathaway_lee_roosevelt	quentin_roosevelt
alice_hathaway_lee_roosevelt	ethel_roosevelt_derby
alice_hathaway_lee_roosevelt	lt_SrTheodore_Rooseveltgt
alice_hathaway_lee_roosevelt	lt_SrElliott_Roosevelt_Igt
alice_hathaway_lee_roosevelt	lt_SrCorinne_Roosevelt_Robinsongt
alice_hathaway_lee_roosevelt	lt_SrBamie_Rooseveltgt
vera_nabokov	dmitri_nabokov
william_the_conqueror	adela_of_normandy
william_the_conqueror	henry_i_of_england
william_the_conqueror	william_ii_of_england
william_the_conqueror	robert_curthose
william_the_conqueror	constance_of_normandy
william_the_conqueror	richard_duke_of_bernay
william_iv_of_the_united_kingdom	princess_elizabeth_of_clarence
william_iv_of_the_united_kingdom	princess_charlotte_of_clarence
catherine_ii_of_russia	paul_i_of_russia
henry_vi_of_england	edward_of_westminster_prince_of_wales
boris_iii_of_bulgaria	princess_marie_louise_of_bulgaria
sophie_of_mecklenburggüstrow	christian_iv_of_denmark
sophie_of_mecklenburggüstrow	anne_of_denmark
sophie_of_mecklenburggüstrow	elizabeth_of_denmark_duchess_of_brunswick
sophie_of_mecklenburggüstrow	hedwig_of_denmark
sophie_of_mecklenburggüstrow	ulrik_of_denmark_15781624
judith_of_swabia	bolesław_iii_wrymouth
judith_of_swabia	zbigniew_of_poland
cleopatra_vii	augustus
cleopatra_vii	early_life_of_augustus
cleopatra_vii	caesarion
cleopatra_vii	antonia_minor
queen_sonja_of_norway	haakon_crown_prince_of_norway
queen_sonja_of_norway	princess_märtha_louise_of_norway
charlotte_of_savoy	charles_viii_of_france
charlotte_of_savoy	joan_of_france_duchess_of_berry
charlotte_of_savoy	anne_of_france
queen_sofía_of_spain	infanta_cristina_duchess_of_palma_de_mallorca
queen_sofía_of_spain	felipe_prince_of_asturias
queen_sofía_of_spain	infanta_elena_duchess_of_lugo
felix_yusupov	irina_yusupova
maria_of_navarre	john_i_of_aragon
maria_of_navarre	eleanor_of_aragon_queen_of_castile
maria_of_navarre	isabella_of_aragon_13801424
maria_of_navarre	joanna_of_aragon_countess_of_ampurias
sibila_of_fortia	john_i_of_aragon
sibila_of_fortia	eleanor_of_aragon_queen_of_castile
sibila_of_fortia	isabella_of_aragon_13801424
sibila_of_fortia	joanna_of_aragon_countess_of_ampurias
queen_paola_of_belgium	prince_philippe_duke_of_brabant
queen_paola_of_belgium	prince_laurent_of_belgium
queen_paola_of_belgium	princess_astrid_of_belgium_archduchess_of_austriaeste
queen_paola_of_belgium	delphine_boël
solomonia_saburova	ivan_iv_of_russia
charles_i_of_austria	otto_von_habsburg
charles_i_of_austria	archduke_carl_ludwig_of_austria_19182007
charles_i_of_austria	archduke_felix_of_austria
charles_i_of_austria	archduke_rudolf_of_austria_19192010
charles_i_of_austria	archduchess_adelheid_of_austria
charles_i_of_austria	archduchess_charlotte_of_austria
charles_i_of_austria	archduchess_elisabeth_of_austria_19221993
maria_christina_of_savoy	princess_maria_pia_of_bourbontwo_sicilies_18491882
maria_christina_of_savoy	francis_ii_of_the_two_sicilies
maria_christina_of_savoy	prince_alfonso_count_of_caserta
maria_christina_of_savoy	princess_maria_annunciata_of_bourbontwo_sicilies
maria_christina_of_savoy	prince_louis_count_of_trani
maria_christina_of_savoy	princess_maria_immaculata_of_bourbontwo_sicilies_18441899
maria_christina_of_savoy	princess_maria_luisa_immaculata_of_bourbontwo_sicilies
maria_christina_of_savoy	prince_gaetan_count_of_girgenti
maria_christina_of_savoy	prince_januarius_count_of_caltagirone
maria_christina_of_savoy	prince_pasquale_count_of_bari
margaret_leighton	domino_harvey
queen_noor_of_jordan	princess_haya_bint_al_hussein
queen_noor_of_jordan	abdullah_ii_of_jordan
queen_noor_of_jordan	prince_ali_bin_al_hussein
queen_noor_of_jordan	prince_hamzah_bin_al_hussein
queen_noor_of_jordan	princess_aisha_bint_al_hussein
queen_noor_of_jordan	princess_alia_bint_al_hussein
queen_noor_of_jordan	prince_faisal_bin_al_hussein
queen_noor_of_jordan	prince_hashim_bin_al_hussein
queen_noor_of_jordan	princess_iman_bint_al_hussein
queen_noor_of_jordan	princess_raiyah_bint_al_hussein
queen_noor_of_jordan	princess_zein_bint_al_hussein
elisabeth_of_wied	princess_maria_of_romania_18701874
wenceslaus_ii_of_bohemia	elisabeth_of_bohemia_12921330
wenceslaus_ii_of_bohemia	anne_of_bohemia_12901313
wenceslaus_ii_of_bohemia	margaret_of_bohemia_duchess_of_wroclaw
princess_marie_of_denmark	prince_nikolai_of_denmark
princess_marie_of_denmark	prince_felix_of_denmark
princess_marie_of_denmark	prince_henrik_of_denmark
prince_christian_of_schleswigholstein	princess_marie_louise_of_schleswigholstein
prince_christian_of_schleswigholstein	princess_helena_victoria_of_schleswigholstein
prince_christian_of_schleswigholstein	prince_christian_victor_of_schleswigholstein
prince_christian_of_schleswigholstein	albert_duke_of_schleswigholstein
inês_de_castro	ferdinand_i_of_portugal
inês_de_castro	john_i_of_portugal
edmund_crouchback	henry_plantagenet_3rd_earl_of_lancaster
edmund_crouchback	thomas_plantagenet_2nd_earl_of_lancaster
edmund_crouchback	joan_i_of_navarre
archduke_franz_karl_of_austria	franz_joseph_i_of_austria
archduke_franz_karl_of_austria	maximilian_i_of_mexico
archduke_franz_karl_of_austria	archduke_ludwig_viktor_of_austria
thutmose_i	thutmose_ii
carlota_of_spain	miguel_of_portugal
carlota_of_spain	pedro_i_of_brazil
jackson_montgomery	kendall_hart_slater
jackson_montgomery	bianca_montgomery
jackson_montgomery	josh_madden
jackson_montgomery	reggie_montgomery
robert_stevenson_director	jeffrey_byron
robert_stevenson_director	venetia_stevenson
robert_nathan	jeffrey_byron
robert_nathan	venetia_stevenson
adelaide_of_maurienne	louis_vii_of_france
adelaide_of_maurienne	philip_of_france_11161131
adelaide_of_maurienne	constance_of_france_countess_of_toulouse
erling_s_lorentzen	ragnhild_lorentzen
erling_s_lorentzen	haakon_lorentzen
erling_s_lorentzen	ingeborg_lorentzen
ltŚwiętosława_of_Polandgt	judith_of_bohemia
elisabeth_of_bavaria_18761965	leopold_iii_of_belgium
elisabeth_of_bavaria_18761965	marie_josé_of_belgium
elisabeth_of_bavaria_18761965	prince_charles_count_of_flanders
emeric_of_hungary	ladislaus_iii_of_hungary
princess_muna_alhussein	princess_haya_bint_al_hussein
princess_muna_alhussein	abdullah_ii_of_jordan
princess_muna_alhussein	prince_ali_bin_al_hussein
princess_muna_alhussein	prince_hamzah_bin_al_hussein
princess_muna_alhussein	princess_aisha_bint_al_hussein
princess_muna_alhussein	princess_alia_bint_al_hussein
princess_muna_alhussein	prince_faisal_bin_al_hussein
princess_muna_alhussein	prince_hashim_bin_al_hussein
princess_muna_alhussein	princess_iman_bint_al_hussein
princess_muna_alhussein	princess_raiyah_bint_al_hussein
princess_muna_alhussein	princess_zein_bint_al_hussein
dina_bint_abdulhamid	princess_haya_bint_al_hussein
dina_bint_abdulhamid	abdullah_ii_of_jordan
dina_bint_abdulhamid	prince_ali_bin_al_hussein
dina_bint_abdulhamid	prince_hamzah_bin_al_hussein
dina_bint_abdulhamid	princess_aisha_bint_al_hussein
dina_bint_abdulhamid	princess_alia_bint_al_hussein
dina_bint_abdulhamid	prince_faisal_bin_al_hussein
dina_bint_abdulhamid	prince_hashim_bin_al_hussein
dina_bint_abdulhamid	princess_iman_bint_al_hussein
dina_bint_abdulhamid	princess_raiyah_bint_al_hussein
dina_bint_abdulhamid	princess_zein_bint_al_hussein
grand_duchess_alexandra_georgievna_of_russia	irina_pavlovna_paley
grand_duchess_alexandra_georgievna_of_russia	grand_duke_dmitri_pavlovich_of_russia
grand_duchess_alexandra_georgievna_of_russia	vladimir_pavlovich_paley
grand_duchess_alexandra_georgievna_of_russia	grand_duchess_maria_pavlovna_of_russia_18901958
shelley_unwin	simon_barlow
infanta_maria_anna_of_portugal_18431884	frederick_augustus_iii_of_saxony
infanta_maria_anna_of_portugal_18431884	princess_maria_josepha_of_saxony
infanta_maria_anna_of_portugal_18431884	prince_johann_georg_of_saxony
infanta_maria_anna_of_portugal_18431884	princess_mathilde_of_saxony_18631933
infanta_maria_anna_of_portugal_18431884	prince_maximilian_of_saxony_18701951
elisabeth_of_austria_15541592	marie_elisabeth_of_valois
elisabeth_of_goriziatyrol	rudolph_i_of_bohemia
elisabeth_of_goriziatyrol	agnes_of_austria_12811364
elisabeth_of_goriziatyrol	anne_of_austria_margravine_of_brandenburg
elisabeth_of_goriziatyrol	elisabeth_of_austria_d1353
elisabeth_of_goriziatyrol	catherine_of_austria_12951323
antonio_vega	nash_brennan
anne_sophie_reventlow	christian_vi_of_denmark
prince_pedro_henrique_of_orléansbraganza	prince_luís_of_orléansbraganza
prince_pedro_henrique_of_orléansbraganza	prince_bertrand_of_orléansbraganza
prince_pedro_henrique_of_orléansbraganza	prince_antônio_of_orléansbraganza
princess_helena_adelaide_of_schleswigholsteinsonderburgglücksburg	princess_feodora_of_denmark
princess_helena_adelaide_of_schleswigholsteinsonderburgglücksburg	princess_carolinemathilde_of_denmark
princess_helena_adelaide_of_schleswigholsteinsonderburgglücksburg	princess_alexandrinelouise_of_denmark
princess_helena_adelaide_of_schleswigholsteinsonderburgglücksburg	count_oluf_of_rosenborg
duchess_marie_of_mecklenburgschwerin	cyril_vladimirovich_grand_duke_of_russia
duchess_marie_of_mecklenburgschwerin	grand_duchess_elena_vladimirovna_of_russia
duchess_marie_of_mecklenburgschwerin	grand_duke_andrei_vladimirovich_of_russia
duchess_marie_of_mecklenburgschwerin	grand_duke_boris_vladimirovich_of_russia
beatrice_of_castile_12421303	denis_of_portugal
lucia_migliaccio	francis_i_of_the_two_sicilies
lucia_migliaccio	leopold_prince_of_salerno
lucia_migliaccio	carlo_duke_of_calabria
alanmichael_spaulding	phillip_spaulding
alanmichael_spaulding	zach_spaulding
alanmichael_spaulding	rick_bauer_guiding_light
alanmichael_spaulding	daisy_lemay
archduchess_maria_theresa_of_austria_18621933	archduke_karl_albrecht_of_austria
archduchess_maria_theresa_of_austria_18621933	archduke_wilhelm_of_austria
tom_cudahy	tad_martin
tom_cudahy	kendall_hart_slater
tom_cudahy	bianca_montgomery
tom_cudahy	josh_madden
tom_cudahy	reggie_montgomery
alexandra_zhukovskaya	aleksey_belevskyzhukovsky
duke_karltheodor_in_bavaria	duchess_amalie_in_bavaria
prince_paul_of_württemberg	princess_charlotte_of_württemberg
prince_paul_of_württemberg	princess_pauline_of_württemberg
prince_paul_of_württemberg	prince_august_of_württemberg
prince_paul_of_württemberg	prince_frederick_of_württemberg
princess_firyal_of_jordan	prince_talal_bin_muhammad
princess_firyal_of_jordan	prince_ghazi_bin_muhammad
dagmar_of_bohemia	abel_of_denmark
dagmar_of_bohemia	christopher_i_of_denmark
archduke_gottfried_of_austria	archduke_leopold_franz_of_austria
