Retrieved: 0.6456114478858614
Correctness: ([0.060073992629854946, 0.031031358974769736, 0.9088946483953753], [])