Retrieved: 0.5070163265027008
Correctness: ([0.044122443742181466, 0.04786673949372703, 0.9080108167640916], [])