Retrieved: (0.8782572347266882, 0.17955932922985327)
Correctness: ([0.013450277924176744, 0.010480056191578692, 0.9760696658842446], [0.009868266513668749, 0.014299802770554353, 0.0229541904043519])