Retrieved: 0.8782572347266882
Correctness: ([0.013450277924176744, 0.010480056191578692, 0.9760696658842446], [])
