Retrieved: (0.0385962454469039, 0.03212320599725432)
Correctness: ([0.0385962454469039, 0.836668025166204, 0.12473572938689217], [0.03212320599725432, 0.2085261662086974, 0.17640296021144314])