Retrieved: (0.8782572347266882, 0.16929015909831616)
Correctness: ([0.013450277924176744, 0.010480056191578692, 0.9760696658842446], [0.009303890893828402, 0.013481983344918883, 0.02164141825541921])