Retrieved: 0.3609363458060572
Correctness: ([0.03636545246254604, 0.06404395452622856, 0.8995905930112253], [])