Retrieved: (0.21623337677775895, 0.18698746867149887)
Correctness: ([0.14465315237804532, 0.14402890280050312, 0.7113179448214516], [0.19513597156069085, 0.020295021712646282, 0.18930194804583303])