Retrieved: (0.09049362519799538, 0.15673955660402322)
Correctness: ([0.516755634638197, 0.09415776986951364, 0.38908659549228947], [])