Retrieved: (0.6066493362164729, 0.26464296259832126)
Correctness: ([0.04692889171112189, 0.03455441296843447, 0.9185166953204437], [0.02758255863503914, 0.02713744384677487, 0.05250718694372771])