Retrieved: (0.7380731138575843, 0.31965526103818914)
Correctness: ([0.2124590714140307, 0.0036067289834189383, 0.7839341996025504], [])